Daniel,10
Ian,13
Dan,-3
